0.15708:
a:=pointplot([[0, 0.15708],[0.1, 0.086128],[0.2, 0.026588],[0.3, -0.022653],[0.4, -0.06263],[0.5, -0.094301],[0.6, -0.11856],[0.7, -0.13623],[0.8, -0.14808],[0.9, -0.15481],[1, -0.15707],[1.1, -0.15547],[1.2, -0.15055],[1.3, -0.14281],[1.4, -0.13272],[1.5, -0.1207],[1.6, -0.10714],[1.7, -0.09237],[1.8, -0.076717],[1.9, -0.06046],[2, -0.043854],[2.1, -0.027126],[2.2, -0.010477],[2.3, 0.0059148],[2.4, 0.021892],[2.5, 0.03732],[2.6, 0.052081],[2.7, 0.066076],[2.8, 0.07922],[2.9, 0.091444],[3, 0.10269]],color=green,connect):

0.10472:
a:=pointplot([[0, 0.10472],[0.1, 0.057419],[0.2, 0.017725],[0.3, -0.015102],[0.4, -0.041753],[0.5, -0.062868],[0.6, -0.07904],[0.7, -0.090821],[0.8, -0.098719],[0.9, -0.10321],[1, -0.10472],[1.1, -0.10365],[1.2, -0.10036],[1.3, -0.095207],[1.4, -0.088482],[1.5, -0.080469],[1.6, -0.071425],[1.7, -0.06158],[1.8, -0.051144],[1.9, -0.040307],[2, -0.029236],[2.1, -0.018084],[2.2, -0.0069844],[2.3, 0.0039432],[2.4, 0.014595],[2.5, 0.02488],[2.6, 0.034721],[2.7, 0.044051],[2.8, 0.052813],[2.9, 0.060963],[3, 0.068462]],color=green,connect):

0.5236:
a:=pointplot([[0, 0.5236],[0.1, 0.28709],[0.2, 0.088626],[0.3, -0.075512],[0.39874, -0.20727],[0.49237, -0.30719],[0.58601, -0.38527],[0.67964, -0.44376],[0.77327, -0.48481],[0.86691, -0.51036],[0.96054, -0.52225],[1.0542, -0.52216],[1.1478, -0.51166],[1.2414, -0.49218],[1.3351, -0.46506],[1.4287, -0.43151],[1.5223, -0.39265],[1.616, -0.3495],[1.7096, -0.303],[1.8032, -0.254],[1.8969, -0.20325],[1.9905, -0.15147],[2.0841, -0.099265],[2.1778, -0.047207],[2.2714, 0.0042076],[2.365, 0.054537],[2.4587, 0.10339],[2.5523, 0.15043],[2.6459, 0.19537],[2.7396, 0.23794],[2.8332, 0.27794],[2.9268, 0.3152],[3.0205, 0.34957]],color=green,connect):

1.0472:
a:=pointplot([[0, 1.0472],[0.1, 0.57419],[0.2, 0.17725],[0.28083, -0.093094],[0.36167, -0.32225],[0.4425, -0.51368],[0.52333, -0.67062],[0.60417, -0.79615],[0.685, -0.89313],[0.76583, -0.96427],[0.84667, -1.0121],[0.9275, -1.039],[1.0083, -1.0472],[1.0892, -1.0387],[1.17, -1.0156],[1.2508, -0.97957],[1.3317, -0.93233],[1.4125, -0.87545],[1.4933, -0.81038],[1.5742, -0.73847],[1.655, -0.66095],[1.7358, -0.57898],[1.8167, -0.49361],[1.8975, -0.40581],[1.9783, -0.31646],[2.0592, -0.22638],[2.14, -0.13631],[2.2208, -0.046899],[2.3017, 0.041234],[2.3825, 0.12755],[2.4633, 0.21157],[2.5442, 0.29286],[2.625, 0.37104],[2.7058, 0.44578],[2.7867, 0.51679],[2.8675, 0.58384],[2.9483, 0.64671],[3.0292, 0.70523]],color=green,connect):

