0.15708:
c:=pointplot([[0, 0.15708],[0.1, 0.14944],[0.2, 0.12726],[0.3, 0.092698],[0.4, 0.049121],[0.5, 0.0007652],[0.6, -0.047664],[0.7, -0.091456],[0.8, -0.12635],[0.9, -0.14895],[1, -0.15706],[1.1, -0.14989],[1.2, -0.12814],[1.3, -0.093923],[1.4, -0.050569],[1.5, -0.0022954],[1.6, 0.046201],[1.7, 0.090202],[1.8, 0.12543],[1.9, 0.14845],[2, 0.15703],[2.1, 0.15033],[2.2, 0.12901],[2.3, 0.095139],[2.4, 0.052012],[2.5, 0.0038251],[2.6, -0.044733],[2.7, -0.088939],[2.8, -0.12449],[2.9, -0.14793],[3, -0.15698]],color=red,connect):

0.10472:
c:=pointplot([[0, 0.10472],[0.1, 0.099625],[0.2, 0.084839],[0.3, 0.061799],[0.4, 0.032747],[0.5, 0.00051013],[0.6, -0.031776],[0.7, -0.060971],[0.8, -0.084233],[0.9, -0.099301],[1, -0.10471],[1.1, -0.099928],[1.2, -0.085427],[1.3, -0.062616],[1.4, -0.033713],[1.5, -0.0015302],[1.6, 0.030801],[1.7, 0.060134],[1.8, 0.083618],[1.9, 0.098966],[2, 0.10469],[2.1, 0.10022],[2.2, 0.086008],[2.3, 0.063426],[2.4, 0.034675],[2.5, 0.0025501],[2.6, -0.029822],[2.7, -0.059293],[2.8, -0.082994],[2.9, -0.098622],[3, -0.10465]],color=red,connect):

0.5236:
c:=pointplot([[0, 0.5236],[0.1, 0.49813],[0.2, 0.42419],[0.3, 0.30899],[0.39874, 0.16569],[0.49237, 0.015049],[0.58601, -0.13688],[0.67964, -0.27712],[0.77327, -0.3937],[0.86691, -0.47666],[0.96054, -0.51893],[1.0542, -0.51689],[1.1478, -0.47071],[1.2414, -0.38435],[1.3351, -0.26517],[1.4287, -0.12336],[1.5223, 0.02899],[1.616, 0.17886],[1.7096, 0.31346],[1.8032, 0.42129],[1.8969, 0.49316],[1.9905, 0.52291],[2.0841, 0.50802],[2.1778, 0.44976],[2.2714, 0.35309],[2.365, 0.22628],[2.4587, 0.080152],[2.5523, -0.07282],[2.6459, -0.21957],[2.7396, -0.34758],[2.8332, -0.44591],[2.9268, -0.50616],[3.0205, -0.5232]],color=red,connect):

1.0472:
c:=pointplot([[0, 1.0472],[0.1, 0.99625],[0.2, 0.84839],[0.28083, 0.66759],[0.36167, 0.44422],[0.4425, 0.19254],[0.52333, -0.071414],[0.60417, -0.33082],[0.685, -0.56913],[0.76583, -0.77115],[0.84667, -0.92402],[0.9275, -1.018],[1.0083, -1.047],[1.0892, -1.0093],[1.17, -0.90728],[1.2508, -0.7474],[1.3317, -0.53986],[1.4125, -0.29791],[1.4933, -0.036971],[1.5742, 0.22633],[1.655, 0.4752],[1.7358, 0.69377],[1.8167, 0.86811],[1.8975, 0.98711],[1.9783, 1.0432],[2.0592, 1.0327],[2.14, 0.95645],[2.2208, 0.8192],[2.3017, 0.62972],[2.3825, 0.40009],[2.4633, 0.14496],[2.5442, -0.11942],[2.625, -0.37618],[2.7058, -0.60895],[2.7867, -0.80291],[2.8675, -0.94567],[2.9483, -1.0281],[3.0292, -1.0451]],color=red,connect):

